sample,pred_1,osc_1,pred_2,osc_2,pred_3,osc_3,pred_4,osc_4
WT_cluster_3_FMNahq_Ph-1_10_CTY3,632.4641062209971,6.034070903913197e-06,589.5791354711649,0.0018306352322330554,548.1253686285065,0.015383490767335587,480.60993273016777,0.04152552955710034
WT_cluster_3_FMNahq_Ph-1_3_CTY4,616.6638649448253,0.012240533827477517,563.570221991466,0.006994514016418374,520.3750461105599,0.023164656272921007,471.77451941705,0.035950964018905504
WT_cluster_3_FMNahq_Ph-1_4_CTY3,625.6438804365843,0.0004751643572773537,583.6790926558886,0.0016160235145292893,543.2095024088919,0.017622534126338407,479.74686337555295,0.03800736099472386
WT_cluster_3_FMNahq_Ph-1_4_CTY4,629.8592431610557,0.01064213228684674,565.6146698165586,0.005555305896035418,526.9164540720645,0.006989692072698097,460.1116417018976,0.07092144711926672
WT_cluster_3_FMNahq_Ph-1_4_CTY5,633.820944488837,0.017075940295073748,573.8271822545295,0.010871764804391431,525.697091986322,0.021908766574884202,473.6117696283145,0.038372415033432
WT_cluster_3_FMNahq_Ph-1_4_CTY6,668.4964679814692,0.03159053184013325,593.9128800508597,0.021969548166981774,524.7366303707336,0.021811048246390484,477.01024226925097,0.04519351266274507
WT_cluster_3_FMNahq_Ph-1_5_CTY3,692.192527937707,0.02734009761729242,615.3915834138754,0.020918369909793882,551.8861730757476,0.01542768255555506,482.8949979250027,0.04761979258803087
WT_cluster_3_FMNahq_Ph-1_5_CTY4,661.3989597284458,0.023640138614536475,592.8424045006469,0.016695734971471164,535.3909862244362,0.020315255222884493,478.30846658823987,0.04095654552576832
WT_cluster_3_FMNahq_Ph-1_6_CTY3,648.8664951871244,0.0038999101956029986,601.0179550711563,0.005576321837225731,543.5630011564671,0.008286761932707682,477.78350404415016,0.06440672478459551
WT_cluster_3_FMNahq_Ph-1_6_CTY5,631.7876736728707,-8.740478402230988e-05,587.3118291956335,0.0014391700697221083,548.1448945957179,0.01407451928836729,478.68686316115003,0.044142295914480385
WT_cluster_3_FMNahq_Ph-1_6_CTY6,622.0126578542186,0.004825996481140097,575.6092277710388,0.00380176364591754,523.8177363609458,0.01290959289289265,470.3400865187569,0.06028874721265809
WT_cluster_3_FMNahq_Ph-1_7_CTY3,626.7232015030074,0.0031955328997683077,575.1675798646497,0.002190196922487065,534.9476648413431,0.009120921834551491,468.18905694986876,0.062053952807656354
WT_cluster_3_FMNahq_Ph-1_7_CTY5,634.2724888637555,0.017667202070874688,574.3510093390701,0.011333430415113628,525.0675921950896,0.022632418533130402,474.20002319778183,0.03721255259525506
WT_cluster_3_FMNahq_Ph-1_7_CTY6,624.9737920417801,0.000606864820507879,580.4614864149574,0.001222732089540557,543.0809049814069,0.01582580295679796,476.9818361727352,0.04170151324545962
WT_cluster_3_FMNahq_Ph-1_8_CTY10,664.5783764632232,0.02726544872343426,592.27987118671,0.018958323612782144,529.6872328824077,0.019605035312578803,476.11561348258755,0.046534323399893
WT_cluster_3_FMNahq_Ph-1_8_CTY7,686.9489793944025,0.03380933468224606,608.0268936704765,0.024592186195633685,534.7828667045097,0.019534279138435754,480.5362722228126,0.04765215066769849
WT_cluster_3_FMNahq_Ph-1_8_CTY8,680.643873448435,0.029913460774855127,608.4126523677065,0.02225547396920856,540.6677295197707,0.02401906649415654,485.8550324458761,0.0328297078150323
WT_cluster_3_FMNahq_Ph-1_9_CTY2,656.5891465668548,0.02685674414663223,589.0382193434464,0.018595859291024065,526.8037503238135,0.025279967745571133,479.4800166239758,0.03397643468758769
WT_cluster_3_FMNahq_Ph-1_9_CTY3,648.4508199838974,0.02925713828720858,577.4881764289958,0.019025591897496235,512.7204299487739,0.022782569818391312,471.4351748303712,0.046593314751249594
WT_cluster_3_FMNahq_Ph-1_9_CTY4,606.4673456801837,0.022556909402297244,541.6856027562305,0.01149260161240057,486.5818561093185,0.01907835916166649,454.96537447180754,0.06341943540100613
WT_cluster_3_FMNahq_Ph-1_9_CTY5,674.6416747512204,0.004867431705683617,627.5510138327553,0.008942719990330132,557.6908350420724,0.006854837984492009,487.4014002484679,0.06487574723178703
WT_cluster_3_FMNahq_Ph-1_9_CTY6,654.0729411911661,0.004946582653488142,603.2336284459906,0.006391912366561862,543.1483243901434,0.0049603385845535825,475.5736144058477,0.07325765125374617
WT_cluster_3_FMNahq_Ph-1_9_CTY7,650.6690832039411,0.003866531948350316,602.7963124189006,0.005726594508544421,544.8483064832074,0.00808018349960057,478.385808129094,0.06447872488266676
WT_cluster_3_FMNahq_Ph-1_9_CTY8,651.289791360293,0.0034245334412096127,605.353782485621,0.005768440438926266,546.8525124272397,0.00981476840470915,481.0467663821728,0.059564537373987425
WT_cluster_3_FMNahq_Ph-1_9_CTY9,628.3077894525435,0.004522044684193998,582.3212408881101,0.004284211417671104,528.342869921508,0.01226937790964772,472.7603157257488,0.06041392664518746
